0.2343556
0.5634232
1.2384834
0.2324467
0.128344
0.3434554
0.475454
0.2343556
0.5634232
1.2384834
0.2324467
0.128344
0.3434554
0.475454
0.2343556
3.5634232
2.2384834
0.2324467
0.128344
0.3434554
0.475454
0.2343556
0.5634232
1.2384834
0.2324467
0.128344
0.3434554
9.475454
0.2343556
0.5634232
1.2384834
0.2324467
0.128344
0.3434554
20.475454
11.2343556
10.5634232
1.2384834
0.2324467
0.128344
0.3434554
0.475454
0.2343556
0.5634232
1.2384834
0.2324467
0.128344
0.3434554
0.475454
0.2343556
0.5634232
1.2384834
0.2324467
0.128344
55.3434554
4.475454
3.2343556
2.5634232
1.238483455555
0.2324467
0.128344
0.3434554
0.475454
0.2343556
0.5634232
1.2384834
0.2324467
0.128344
0.3434554
0.475454
0.2343556
0.5634232
1.2384834
0.2324467
0.128344
0.3434554
0.475454
0.2343556
0.5634232
1.2384834
0.2324467
0.128344
0.3434554
0.475454
0.2343556
0.5634232
1.2384834
0.2324467
0.128344
0.3434554
0.475454
